#name		Mtot		Mtoterr	Mtoterr2	Re		n	z	m500	m500err  M1       re1     M2       re2    mtot    mtot_low mtot_high
A0122		-26.13		0.03	0.13		280.7 		9.60 	0.1127	2.26   .19	 -25.56   107.9   -22.97   4.7    -25.66  -0.06   0.06 	  
A1651		-25.51		0.01	0.07		65.0		4.26	0.0853	5.15   .42	 -24.95   477.2   -25.21   48.2   -25.84  -0.27   0.17
A2376		-24.21		0.02	0.06		26.2 		7.47	0.0891	-99    -99	 -23.87   18.4   -21.33   1.0 	  -23.97  -0.04   0.03
A2400		-24.94		0.02	0.07		47.8		5.02	0.0880	-99    -99	 -24.61   184.6   -24.19   20.4   -25.17  -0.32   0.18
A2401		-24.81		0.01	0.04		33.3 		7.52	0.0578	0.95   .10	 -24.48   27.6   -22.30   1.8 	  -24.62  -0.03   0.03
A2405		-23.44		0.01	0.02		8.6 		5.78	0.0366	-99    -99	 -23.38   93.9   -22.89   3.8 	  -23.91  -0.28   0.17
A2571		-25.39		0.02	0.16		58.8 		9.24	0.1081	-99    -99	 -25.11   107.7   -23.89   5.4 	  -25.42  -0.19   0.15
A27212000	-25.09		0.01	0.04		34.7 		3.65	0.1149	3.46   .32	 -25.02   47.9   -23.14   18.1 	  -25.20  -0.02   0.02
# no note in AG2005 - I'm choosing to keep 2000 data because it had better seeing
#A27211999	-25.12		0.01	0.07		35.5 		3.77	0.1149	3.46   .32	 -25.04   45.8   -22.97   16.1 	  -25.19  -0.04   0.03
A2730   	-26.88		0.06	0.39		1250.0 		14.36	0.120 	-99    -99	 -26.00   245.9   -23.85   8.1 	  -26.14  -0.3 	  0.24 
A2811		-26.34		0.06	0.31		522.0 		13.65	0.1082	3.59   .28	 -25.53   139.5   -23.59   5.5 	  -25.70  -0.22   0.22
A2955		-26.01		0.03	0.19		412.5 		11.52	0.0945	0.99   .11	 -25.22   93.5   -22.61   3.4 	  -25.31  -0.08   0.08
A2969		-25.67		0.03	0.30		185.9 		7.27	0.1271	-99    -99	 -25.35   232.0   -23.80   19.7   -25.58  -0.44   0.26
A2984		-27.08		0.06	0.29		3019.2 		14.81	0.1044	0.95   .10	 -25.79   202.7   -23.04   6.1 	  -25.87  -0.09   0.01
A3112		-25.95		0.01	0.11		120.5 		6.08	0.0759	3.23   .19	 -25.74   102.1   -22.95   8.3 	  -25.82  -0.07   0.07
A3166		-25.81		0.08	0.32		741.5 		14.16	0.1171	-99    -99	 -24.65   69.2   -21.92   1.7 	  -24.73  -0.08   0.07
A3693		-25.68		0.10	0.25		489.7 		17.74	0.1237	2.26   .23	 -25.46   314.5   -23.56   4.9 	  -25.63  -0.18   0.18
A3705		-24.64		0.02	0.05		44.4 		7.40	0.0883	-99    -99	 -24.27   30.8   -21.85   2.1 	  -24.38  -0.08   0.04
A3727		-25.16		0.05	0.20		207.1 		11.75	0.1159	-99    -99	 -24.97   215.2   -23.07   6.1 	  -25.14  -0.19   0.17
A3809		-24.53		0.01	0.02		29.3 		4.29	0.0616	-99    -99	 -23.85   126.8   -24.14   20.8   -24.76  -0.08   0.07
A3920		-25.14		0.01	0.04		33.0 		6.38	0.1263	-99    -99	 -24.80   45.6   -23.48   5.4 	  -25.08  -0.04   0.02
A4010		-25.89		0.03	0.25		223.4 		7.76	0.0963	2.41   .18	 -25.56   186.3   -23.52   13.7   -25.71  -0.28   0.21
APMC020		-24.83		0.01	0.04		28.8		4.67	0.1105	-99    -99	 -24.34   180.2   -24.39   17.6   -25.12  -0.38   0.15
AS0084		-26.16		0.04	0.13		315.8 		9.53	0.1087	2.37   .24	 -25.33   72.0   -21.94   2.0 	  -25.38  -0.05   0.03
AS02962000 	-25.14		0.01	0.01		29.1 		4.70	0.0699	1.45   .21	 -24.89   46.1   -23.67   10.0 	  -25.20  -0.04   0.02
# 1999 data are of poor quality - (AG2005) 
#AS02961999 	-25.04		0.01	0.04		25.9		4.54	0.0699	1.45   .21	 -24.82   33.9   -23.25   8.6     -25.05  -0.07   0.03







 
 
 
 
 
 
 
 
 
 
 
 
 
 
 
 
 
 
 
 
 
 
 
 
 
 





















